111111111111111111111111111111111111111111111111111111111111111111122334
1111111111111 11111111111111111111111111 1111111111111111111111122233334
2222222222222  222222222222222222222222  2222222222222222222222233333445
3333333333333   33333333333333333333333   333333333333333333333333344445
3333333333333333  333333333333333333333333  3333333333333333333344444556333
444444444444444  444444444444444444444444  4444444444444444444444445555644
444444444444  444444444444444444444444  44444444444444444444444 55555667
55555555555555  55555555555555555555555  5555555555555555555555555566667
55555555555555  55555555555555555555555  5555555555555555555555566666778
66666666666666  66666666666666666666666  6666666666666666666666666677778
666666666666666666666666666666666666666666666666666666666666666677777888
777777777777777777777777777777777777777777777777777777777777777777788889
7777   7777777777777777777777777777777777777777777777777777777778888888a
8888      8888888888888888888888888888888888     8888888888888888888899B
8888888      88888888888888888888888888888     8888888888888888888899aaC
9999999999     999999999999999999999999     99998888888888888888999aaBBd
999999999999      9998999999999999999     9999999999999999999999aaaBBCCe
aaaaaaaaaaaaaaa                        aaaaaaaaaaaaaaaaaaaaaaaaaBBBCCddz
bbbbbbbbbbbbbbbbbbbbb           bbbbbbbbbbbbbbbbBBBBBBBBBBBBBBBBCCCddeez
ccccccccccccccccccccccccccccccccccccccccccccccccCCCCCCCCCCCCCCCCdddeezzz
ddddddddddddddddddddddddddddddddddddddddddddddddddddddddddddddddeeezzzzz
eeeeeeeeeeeeeeeeeeeeeeeeeeeeeeeeeeeeeeeeeeeeeeeeeeeeeeeeeeeeeeeezzzzzzz
23333333322222222222222222222come to daddy22222zzzzzzzzzzzzzzzzzzzzzzzzzzz
